212613
231473
263145
275146
285549
218172
197322
288444
308205
311335
308932
286682